 rs128_h2d(1) = 1.184000;
 rs128_d2h(1) = 2.464000;
 rs128_fft(1) = 2.752000;

 rs256_h2d(1) = 1.152000;
 rs256_d2h(1) = 2.720000;
 rs256_fft(1) = 3.104000;

 rs512_h2d(1) = 1.216000;
 rs512_d2h(1) = 2.400000;
 rs512_fft(1) = 3.104000;

 rs1024_h2d(1) = 1.184000;
 rs1024_d2h(1) = 2.464000;
 rs1024_fft(1) = 3.712000;

 rs128_h2d(2) = 1.152000;
 rs128_d2h(2) = 2.720000;
 rs128_fft(2) = 3.040000;

 rs256_h2d(2) = 1.184000;
 rs256_d2h(2) = 2.496000;
 rs256_fft(2) = 3.168000;

 rs512_h2d(2) = 1.184000;
 rs512_d2h(2) = 2.464000;
 rs512_fft(2) = 3.616000;

 rs1024_h2d(2) = 1.184000;
 rs1024_d2h(2) = 2.464000;
 rs1024_fft(2) = 3.968000;

 rs128_h2d(3) = 1.152000;
 rs128_d2h(3) = 2.464000;
 rs128_fft(3) = 3.328000;

 rs256_h2d(3) = 1.312000;
 rs256_d2h(3) = 2.432000;
 rs256_fft(3) = 3.648000;

 rs512_h2d(3) = 1.152000;
 rs512_d2h(3) = 2.464000;
 rs512_fft(3) = 3.745000;

 rs1024_h2d(3) = 1.152000;
 rs1024_d2h(3) = 2.464000;
 rs1024_fft(3) = 3.904000;

 rs128_h2d(4) = 1.184000;
 rs128_d2h(4) = 2.464000;
 rs128_fft(4) = 3.744000;

 rs256_h2d(4) = 1.184000;
 rs256_d2h(4) = 2.432000;
 rs256_fft(4) = 4.160000;

 rs512_h2d(4) = 1.184000;
 rs512_d2h(4) = 2.464000;
 rs512_fft(4) = 4.384000;

 rs1024_h2d(4) = 1.184000;
 rs1024_d2h(4) = 2.720000;
 rs1024_fft(4) = 5.440000;

 rs128_h2d(5) = 1.216000;
 rs128_d2h(5) = 2.432000;
 rs128_fft(5) = 4.064000;

 rs256_h2d(5) = 1.152000;
 rs256_d2h(5) = 2.432000;
 rs256_fft(5) = 4.512000;

 rs512_h2d(5) = 1.184000;
 rs512_d2h(5) = 2.464000;
 rs512_fft(5) = 4.928000;

 rs1024_h2d(5) = 1.152000;
 rs1024_d2h(5) = 2.432000;
 rs1024_fft(5) = 5.344000;

 rs128_h2d(6) = 1.152000;
 rs128_d2h(6) = 2.464000;
 rs128_fft(6) = 4.385000;

 rs256_h2d(6) = 1.152000;
 rs256_d2h(6) = 2.464000;
 rs256_fft(6) = 4.641000;

 rs512_h2d(6) = 1.152000;
 rs512_d2h(6) = 2.432000;
 rs512_fft(6) = 5.216000;

 rs1024_h2d(6) = 1.152000;
 rs1024_d2h(6) = 2.720000;
 rs1024_fft(6) = 5.408000;

 rs128_h2d(7) = 1.152000;
 rs128_d2h(7) = 2.720000;
 rs128_fft(7) = 5.312000;

 rs256_h2d(7) = 1.152000;
 rs256_d2h(7) = 2.432000;
 rs256_fft(7) = 5.728000;

 rs512_h2d(7) = 1.184000;
 rs512_d2h(7) = 2.432000;
 rs512_fft(7) = 6.433000;

 rs1024_h2d(7) = 1.152000;
 rs1024_d2h(7) = 2.432000;
 rs1024_fft(7) = 8.513000;

 rs128_h2d(8) = 1.152000;
 rs128_d2h(8) = 2.432000;
 rs128_fft(8) = 5.600000;

 rs256_h2d(8) = 1.184000;
 rs256_d2h(8) = 2.432000;
 rs256_fft(8) = 6.304000;

 rs512_h2d(8) = 1.184000;
 rs512_d2h(8) = 2.720000;
 rs512_fft(8) = 7.105000;

 rs1024_h2d(8) = 1.152000;
 rs1024_d2h(8) = 2.464000;
 rs1024_fft(8) = 9.760000;

 rs128_h2d(9) = 1.184000;
 rs128_d2h(9) = 2.432000;
 rs128_fft(9) = 6.016000;

 rs256_h2d(9) = 1.184000;
 rs256_d2h(9) = 2.688000;
 rs256_fft(9) = 6.688000;

 rs512_h2d(9) = 1.152000;
 rs512_d2h(9) = 2.464000;
 rs512_fft(9) = 8.064000;

 rs1024_h2d(9) = 1.152000;
 rs1024_d2h(9) = 2.464000;
 rs1024_fft(9) = 9.985000;

 rs128_h2d(10) = 1.152000;
 rs128_d2h(10) = 2.432000;
 rs128_fft(10) = 6.528000;

 rs256_h2d(10) = 1.152000;
 rs256_d2h(10) = 2.464000;
 rs256_fft(10) = 7.296000;

 rs512_h2d(10) = 1.152000;
 rs512_d2h(10) = 2.432000;
 rs512_fft(10) = 8.480000;

 rs1024_h2d(10) = 1.152000;
 rs1024_d2h(10) = 2.432000;
 rs1024_fft(10) = 9.856000;

 rs128_h2d(11) = 1.152000;
 rs128_d2h(11) = 2.464000;
 rs128_fft(11) = 7.232000;

 rs256_h2d(11) = 1.152000;
 rs256_d2h(11) = 2.432000;
 rs256_fft(11) = 7.425000;

 rs512_h2d(11) = 1.152000;
 rs512_d2h(11) = 2.432000;
 rs512_fft(11) = 8.545000;

 rs1024_h2d(11) = 1.152000;
 rs1024_d2h(11) = 2.432000;
 rs1024_fft(11) = 9.984000;

 rs128_h2d(12) = 1.152000;
 rs128_d2h(12) = 2.432000;
 rs128_fft(12) = 7.296000;

 rs256_h2d(12) = 1.184000;
 rs256_d2h(12) = 2.432000;
 rs256_fft(12) = 7.712000;

 rs512_h2d(12) = 1.152000;
 rs512_d2h(12) = 2.432000;
 rs512_fft(12) = 8.960000;

 rs1024_h2d(12) = 1.152000;
 rs1024_d2h(12) = 2.496000;
 rs1024_fft(12) = 10.144000;

 rs128_h2d(13) = 1.152000;
 rs128_d2h(13) = 2.464000;
 rs128_fft(13) = 7.808000;

 rs256_h2d(13) = 1.152000;
 rs256_d2h(13) = 2.432000;
 rs256_fft(13) = 8.833000;

 rs512_h2d(13) = 1.152000;
 rs512_d2h(13) = 2.432000;
 rs512_fft(13) = 9.824000;

 rs1024_h2d(13) = 1.184000;
 rs1024_d2h(13) = 2.432000;
 rs1024_fft(13) = 12.512000;

 rs128_h2d(14) = 1.344000;
 rs128_d2h(14) = 2.688000;
 rs128_fft(14) = 8.384000;

 rs256_h2d(14) = 1.184000;
 rs256_d2h(14) = 2.688000;
 rs256_fft(14) = 8.833000;

 rs512_h2d(14) = 1.152000;
 rs512_d2h(14) = 2.464000;
 rs512_fft(14) = 10.465000;

 rs1024_h2d(14) = 1.152000;
 rs1024_d2h(14) = 2.464000;
 rs1024_fft(14) = 14.305000;

 rs128_h2d(15) = 1.152000;
 rs128_d2h(15) = 2.432000;
 rs128_fft(15) = 8.512000;

 rs256_h2d(15) = 1.152000;
 rs256_d2h(15) = 2.432000;
 rs256_fft(15) = 9.504000;

 rs512_h2d(15) = 1.152000;
 rs512_d2h(15) = 2.432000;
 rs512_fft(15) = 11.265000;

 rs1024_h2d(15) = 1.184000;
 rs1024_d2h(15) = 2.464000;
 rs1024_fft(15) = 14.208000;

 rs128_h2d(16) = 1.152000;
 rs128_d2h(16) = 2.432000;
 rs128_fft(16) = 9.024000;

 rs256_h2d(16) = 1.184000;
 rs256_d2h(16) = 2.465000;
 rs256_fft(16) = 10.208000;

 rs512_h2d(16) = 1.312000;
 rs512_d2h(16) = 2.464000;
 rs512_fft(16) = 11.616000;

 rs1024_h2d(16) = 1.184000;
 rs1024_d2h(16) = 2.400000;
 rs1024_fft(16) = 14.529000;

 rs128_h2d(17) = 1.152000;
 rs128_d2h(17) = 2.464000;
 rs128_fft(17) = 9.312000;

 rs256_h2d(17) = 1.184000;
 rs256_d2h(17) = 2.432000;
 rs256_fft(17) = 10.432000;

 rs512_h2d(17) = 1.152000;
 rs512_d2h(17) = 2.432000;
 rs512_fft(17) = 12.289000;

 rs1024_h2d(17) = 1.216000;
 rs1024_d2h(17) = 2.464000;
 rs1024_fft(17) = 14.657000;

 rs128_h2d(18) = 1.184000;
 rs128_d2h(18) = 2.432000;
 rs128_fft(18) = 9.888000;

 rs256_h2d(18) = 1.184000;
 rs256_d2h(18) = 2.752000;
 rs256_fft(18) = 10.816000;

 rs512_h2d(18) = 1.152000;
 rs512_d2h(18) = 2.496000;
 rs512_fft(18) = 12.352000;

 rs1024_h2d(18) = 1.152000;
 rs1024_d2h(18) = 2.432000;
 rs1024_fft(18) = 14.752000;

 rs128_h2d(19) = 1.216000;
 rs128_d2h(19) = 2.464000;
 rs128_fft(19) = 10.240000;

 rs256_h2d(19) = 1.184000;
 rs256_d2h(19) = 2.464000;
 rs256_fft(19) = 11.392000;

 rs512_h2d(19) = 1.152000;
 rs512_d2h(19) = 2.496000;
 rs512_fft(19) = 13.280000;

 rs1024_h2d(19) = 1.184000;
 rs1024_d2h(19) = 2.432000;
 rs1024_fft(19) = 16.673000;

 rs128_h2d(20) = 1.184000;
 rs128_d2h(20) = 2.464000;
 rs128_fft(20) = 10.432000;

 rs256_h2d(20) = 1.152000;
 rs256_d2h(20) = 2.464000;
 rs256_fft(20) = 11.745000;

 rs512_h2d(20) = 1.184000;
 rs512_d2h(20) = 2.464000;
 rs512_fft(20) = 14.081000;

 rs1024_h2d(20) = 1.152000;
 rs1024_d2h(20) = 2.464000;
 rs1024_fft(20) = 18.016000;

