 b512_h2d(1) = 7.136000;
 b512_d2h(1) = 8.021000;
 b512_synd(1) = 246.876000;
 b512_keyq(1) = 16.876000;
 b512_csearch(1) = 292.711000;

 b256_h2d(1) = 7.083000;
 b256_d2h(1) = 8.021000;
 b256_synd(1) = 247.761000;
 b256_keyq(1) = 18.022000;
 b256_csearch(1) = 293.543000;

 b512_h2d(2) = 7.083000;
 b512_d2h(2) = 8.177000;
 b512_synd(2) = 426.095000;
 b512_keyq(2) = 25.781000;
 b512_csearch(2) = 378.544000;

 b256_h2d(2) = 7.084000;
 b256_d2h(2) = 8.177000;
 b256_synd(2) = 424.900000;
 b256_keyq(2) = 24.271000;
 b256_csearch(2) = 372.815000;

 b512_h2d(3) = 7.084000;
 b512_d2h(3) = 8.281000;
 b512_synd(3) = 615.528000;
 b512_keyq(3) = 53.490000;
 b512_csearch(3) = 458.548000;

 b256_h2d(3) = 7.084000;
 b256_d2h(3) = 8.282000;
 b256_synd(3) = 622.035000;
 b256_keyq(3) = 50.989000;
 b256_csearch(3) = 455.160000;

 b512_h2d(4) = 7.291000;
 b512_d2h(4) = 8.333000;
 b512_synd(4) = 704.638000;
 b512_keyq(4) = 87.813000;
 b512_csearch(4) = 561.253000;

 b256_h2d(4) = 7.031000;
 b256_d2h(4) = 8.333000;
 b256_synd(4) = 700.263000;
 b256_keyq(4) = 84.583000;
 b256_csearch(4) = 563.232000;

 b512_h2d(5) = 7.031000;
 b512_d2h(5) = 8.490000;
 b512_synd(5) = 800.838000;
 b512_keyq(5) = 178.543000;
 b512_csearch(5) = 655.629000;

 b256_h2d(5) = 7.031000;
 b256_d2h(5) = 8.855000;
 b256_synd(5) = 797.873000;
 b256_keyq(5) = 181.356000;
 b256_csearch(5) = 656.412000;

 b512_h2d(6) = 7.032000;
 b512_d2h(6) = 8.490000;
 b512_synd(6) = 989.743000;
 b512_keyq(6) = 244.012000;
 b512_csearch(6) = 805.733000;

 b256_h2d(6) = 7.083000;
 b256_d2h(6) = 8.489000;
 b256_synd(6) = 994.327000;
 b256_keyq(6) = 247.032000;
 b256_csearch(6) = 808.024000;

 b512_h2d(7) = 7.084000;
 b512_d2h(7) = 8.594000;
 b512_synd(7) = 982.299000;
 b512_keyq(7) = 343.960000;
 b512_csearch(7) = 989.016000;

 b256_h2d(7) = 7.084000;
 b256_d2h(7) = 8.594000;
 b256_synd(7) = 988.457000;
 b256_keyq(7) = 338.445000;
 b256_csearch(7) = 990.748000;

 b512_h2d(8) = 7.083000;
 b512_d2h(8) = 8.646000;
 b512_synd(8) = 1.091154e+03;
 b512_keyq(8) = 455.629000;
 b512_csearch(8) = 1.127718e+03;

 b256_h2d(8) = 7.031000;
 b256_d2h(8) = 8.698000;
 b256_synd(8) = 1.090899e+03;
 b256_keyq(8) = 457.767000;
 b256_csearch(8) = 1.126993e+03;

 b512_h2d(9) = 7.187000;
 b512_d2h(9) = 8.750000;
 b512_synd(9) = 1.207513e+03;
 b512_keyq(9) = 581.413000;
 b512_csearch(9) = 1.252669e+03;

 b256_h2d(9) = 7.135000;
 b256_d2h(9) = 8.697000;
 b256_synd(9) = 1.208920e+03;
 b256_keyq(9) = 578.184000;
 b256_csearch(9) = 1.254963e+03;

 b512_h2d(10) = 7.083000;
 b512_d2h(10) = 8.750000;
 b512_synd(10) = 1.389923e+03;
 b512_keyq(10) = 721.472000;
 b512_csearch(10) = 1.393620e+03;

 b256_h2d(10) = 7.188000;
 b256_d2h(10) = 8.646000;
 b256_synd(10) = 1.393091e+03;
 b256_keyq(10) = 718.238000;
 b256_csearch(10) = 1.392622e+03;

 b512_h2d(11) = 7.083000;
 b512_d2h(11) = 8.698000;
 b512_synd(11) = 1.503019e+03;
 b512_keyq(11) = 870.654000;
 b512_csearch(11) = 1.507392e+03;

 b256_h2d(11) = 7.084000;
 b256_d2h(11) = 8.699000;
 b256_synd(11) = 1.498609e+03;
 b256_keyq(11) = 866.520000;
 b256_csearch(11) = 1.504704e+03;

 b512_h2d(12) = 7.292000;
 b512_d2h(12) = 8.750000;
 b512_synd(12) = 1.576679e+03;
 b512_keyq(12) = 1.021832e+03;
 b512_csearch(12) = 1.757304e+03;

 b256_h2d(12) = 7.084000;
 b256_d2h(12) = 8.750000;
 b256_synd(12) = 1.560854e+03;
 b256_keyq(12) = 1.025690e+03;
 b256_csearch(12) = 1.756586e+03;

 b512_h2d(13) = 7.031000;
 b512_d2h(13) = 8.803000;
 b512_synd(13) = 2.091886e+03;
 b512_keyq(13) = 1.195423e+03;
 b512_csearch(13) = 1.955531e+03;

 b256_h2d(13) = 7.031000;
 b256_d2h(13) = 8.751000;
 b256_synd(13) = 2.057652e+03;
 b256_keyq(13) = 1.202841e+03;
 b256_csearch(13) = 1.956972e+03;

 b512_h2d(14) = 7.083000;
 b512_d2h(14) = 8.750000;
 b512_synd(14) = 2.064957e+03;
 b512_keyq(14) = 1.414537e+03;
 b512_csearch(14) = 2.046519e+03;

 b256_h2d(14) = 7.083000;
 b256_d2h(14) = 8.750000;
 b256_synd(14) = 2.059753e+03;
 b256_keyq(14) = 1.415269e+03;
 b256_csearch(14) = 2.043816e+03;

 b512_h2d(15) = 7.083000;
 b512_d2h(15) = 9.375000;
 b512_synd(15) = 2.111419e+03;
 b512_keyq(15) = 1.627822e+03;
 b512_csearch(15) = 2.233139e+03;

 b256_h2d(15) = 7.083000;
 b256_d2h(15) = 9.427000;
 b256_synd(15) = 2.097456e+03;
 b256_keyq(15) = 1.609538e+03;
 b256_csearch(15) = 2.229072e+03;

 b512_h2d(16) = 7.084000;
 b512_d2h(16) = 9.374000;
 b512_synd(16) = 2.200532e+03;
 b512_keyq(16) = 2.161365e+03;
 b512_csearch(16) = 2.250897e+03;

 b256_h2d(16) = 7.084000;
 b256_d2h(16) = 9.324000;
 b256_synd(16) = 2.199488e+03;
 b256_keyq(16) = 2.172039e+03;
 b256_csearch(16) = 2.250947e+03;

 b512_h2d(17) = 7.083000;
 b512_d2h(17) = 9.636000;
 b512_synd(17) = 2.695759e+03;
 b512_keyq(17) = 2.751749e+03;
 b512_csearch(17) = 2.318359e+03;

 b256_h2d(17) = 7.084000;
 b256_d2h(17) = 9.323000;
 b256_synd(17) = 2.706625e+03;
 b256_keyq(17) = 2.762926e+03;
 b256_csearch(17) = 2.318810e+03;

 b512_h2d(18) = 7.083000;
 b512_d2h(18) = 9.479000;
 b512_synd(18) = 2.743245e+03;
 b512_keyq(18) = 2.593244e+03;
 b512_csearch(18) = 2.478141e+03;

 b256_h2d(18) = 7.136000;
 b256_d2h(18) = 9.375000;
 b256_synd(18) = 2.743060e+03;
 b256_keyq(18) = 2.583891e+03;
 b256_csearch(18) = 2.480556e+03;

 b512_h2d(19) = 7.136000;
 b512_d2h(19) = 9.427000;
 b512_synd(19) = 2.852495e+03;
 b512_keyq(19) = 3.396148e+03;
 b512_csearch(19) = 2.735670e+03;

 b256_h2d(19) = 7.083000;
 b256_d2h(19) = 9.427000;
 b256_synd(19) = 2.844349e+03;
 b256_keyq(19) = 3.426126e+03;
 b256_csearch(19) = 2.740078e+03;

 b512_h2d(20) = 7.031000;
 b512_d2h(20) = 10.104000;
 b512_synd(20) = 2.934915e+03;
 b512_keyq(20) = 3.348251e+03;
 b512_csearch(20) = 2.770956e+03;

 b256_h2d(20) = 7.344000;
 b256_d2h(20) = 9.636000;
 b256_synd(20) = 2.918383e+03;
 b256_keyq(20) = 3.356411e+03;
 b256_csearch(20) = 2.771661e+03;

