 b512_h2d(1) = 7.084000;
 b512_d2h(1) = 8.073000;
 b512_synd(1) = 249.273000;
 b512_keyq(1) = 17.656000;
 b512_csearch(1) = 295.523000;

 b1024_h2d(1) = 7.032000;
 b1024_d2h(1) = 8.021000;
 b1024_synd(1) = 249.117000;
 b1024_keyq(1) = 17.605000;
 b1024_csearch(1) = 297.034000;

 b512_h2d(2) = 7.031000;
 b512_d2h(2) = 8.125000;
 b512_synd(2) = 423.860000;
 b512_keyq(2) = 24.739000;
 b512_csearch(2) = 377.818000;

 b1024_h2d(2) = 7.344000;
 b1024_d2h(2) = 8.333000;
 b1024_synd(2) = 425.315000;
 b1024_keyq(2) = 25.365000;
 b1024_csearch(2) = 372.659000;

 b512_h2d(3) = 7.084000;
 b512_d2h(3) = 8.230000;
 b512_synd(3) = 618.967000;
 b512_keyq(3) = 50.210000;
 b512_csearch(3) = 452.142000;

 b1024_h2d(3) = 7.031000;
 b1024_d2h(3) = 8.282000;
 b1024_synd(3) = 625.680000;
 b1024_keyq(3) = 50.261000;
 b1024_csearch(3) = 452.243000;

 b512_h2d(4) = 7.032000;
 b512_d2h(4) = 8.280000;
 b512_synd(4) = 702.192000;
 b512_keyq(4) = 87.292000;
 b512_csearch(4) = 559.952000;

 b1024_h2d(4) = 7.031000;
 b1024_d2h(4) = 8.333000;
 b1024_synd(4) = 703.602000;
 b1024_keyq(4) = 88.802000;
 b1024_csearch(4) = 565.006000;

 b512_h2d(5) = 7.084000;
 b512_d2h(5) = 8.543000;
 b512_synd(5) = 798.448000;
 b512_keyq(5) = 179.377000;
 b512_csearch(5) = 655.112000;

 b1024_h2d(5) = 7.032000;
 b1024_d2h(5) = 8.437000;
 b1024_synd(5) = 794.699000;
 b1024_keyq(5) = 176.357000;
 b1024_csearch(5) = 652.562000;

 b512_h2d(6) = 7.031000;
 b512_d2h(6) = 8.489000;
 b512_synd(6) = 999.127000;
 b512_keyq(6) = 247.451000;
 b512_csearch(6) = 809.230000;

 b1024_h2d(6) = 7.084000;
 b1024_d2h(6) = 8.542000;
 b1024_synd(6) = 988.081000;
 b1024_keyq(6) = 245.315000;
 b1024_csearch(6) = 806.673000;

 b512_h2d(7) = 7.032000;
 b512_d2h(7) = 8.959000;
 b512_synd(7) = 983.287000;
 b512_keyq(7) = 340.419000;
 b512_csearch(7) = 993.755000;

 b1024_h2d(7) = 7.031000;
 b1024_d2h(7) = 8.646000;
 b1024_synd(7) = 984.641000;
 b1024_keyq(7) = 341.461000;
 b1024_csearch(7) = 989.485000;

 b512_h2d(8) = 7.083000;
 b512_d2h(8) = 8.645000;
 b512_synd(8) = 1.090944e+03;
 b512_keyq(8) = 456.773000;
 b512_csearch(8) = 1.129902e+03;

 b1024_h2d(8) = 7.084000;
 b1024_d2h(8) = 8.698000;
 b1024_synd(8) = 1.091102e+03;
 b1024_keyq(8) = 451.254000;
 b1024_csearch(8) = 1.128341e+03;

 b512_h2d(9) = 7.083000;
 b512_d2h(9) = 8.750000;
 b512_synd(9) = 1.206047e+03;
 b512_keyq(9) = 574.117000;
 b512_csearch(9) = 1.257767e+03;

 b1024_h2d(9) = 7.084000;
 b1024_d2h(9) = 8.646000;
 b1024_synd(9) = 1.207250e+03;
 b1024_keyq(9) = 577.817000;
 b1024_csearch(9) = 1.255167e+03;

 b512_h2d(10) = 7.136000;
 b512_d2h(10) = 8.698000;
 b512_synd(10) = 1.391587e+03;
 b512_keyq(10) = 718.137000;
 b512_csearch(10) = 1.397889e+03;

 b1024_h2d(10) = 7.084000;
 b1024_d2h(10) = 8.750000;
 b1024_synd(10) = 1.389958e+03;
 b1024_keyq(10) = 720.318000;
 b1024_csearch(10) = 1.395948e+03;

 b512_h2d(11) = 7.084000;
 b512_d2h(11) = 8.699000;
 b512_synd(11) = 1.500482e+03;
 b512_keyq(11) = 866.206000;
 b512_csearch(11) = 1.509077e+03;

 b1024_h2d(11) = 7.031000;
 b1024_d2h(11) = 8.697000;
 b1024_synd(11) = 1.505063e+03;
 b1024_keyq(11) = 865.891000;
 b1024_csearch(11) = 1.504906e+03;

 b512_h2d(12) = 7.083000;
 b512_d2h(12) = 8.802000;
 b512_synd(12) = 1.570534e+03;
 b512_keyq(12) = 1.022301e+03;
 b512_csearch(12) = 1.754339e+03;

 b1024_h2d(12) = 7.031000;
 b1024_d2h(12) = 8.750000;
 b1024_synd(12) = 1.560168e+03;
 b1024_keyq(12) = 1.024382e+03;
 b1024_csearch(12) = 1.753294e+03;

 b512_h2d(13) = 7.031000;
 b512_d2h(13) = 8.750000;
 b512_synd(13) = 2.129713e+03;
 b512_keyq(13) = 1.199545e+03;
 b512_csearch(13) = 1.953774e+03;

 b1024_h2d(13) = 7.082000;
 b1024_d2h(13) = 8.802000;
 b1024_synd(13) = 1.906212e+03;
 b1024_keyq(13) = 1.201207e+03;
 b1024_csearch(13) = 1.956681e+03;

 b512_h2d(14) = 7.031000;
 b512_d2h(14) = 8.854000;
 b512_synd(14) = 2.047308e+03;
 b512_keyq(14) = 1.411001e+03;
 b512_csearch(14) = 2.046267e+03;

 b1024_h2d(14) = 7.084000;
 b1024_d2h(14) = 8.854000;
 b1024_synd(14) = 2.094029e+03;
 b1024_keyq(14) = 1.412200e+03;
 b1024_csearch(14) = 2.043977e+03;

 b512_h2d(15) = 7.135000;
 b512_d2h(15) = 9.428000;
 b512_synd(15) = 2.107990e+03;
 b512_keyq(15) = 1.612203e+03;
 b512_csearch(15) = 2.234085e+03;

 b1024_h2d(15) = 7.083000;
 b1024_d2h(15) = 9.427000;
 b1024_synd(15) = 2.103923e+03;
 b1024_keyq(15) = 1.618815e+03;
 b1024_csearch(15) = 2.230955e+03;

 b512_h2d(16) = 7.239000;
 b512_d2h(16) = 9.427000;
 b512_synd(16) = 2.202099e+03;
 b512_keyq(16) = 2.167099e+03;
 b512_csearch(16) = 2.248246e+03;

 b1024_h2d(16) = 7.084000;
 b1024_d2h(16) = 9.427000;
 b1024_synd(16) = 2.197979e+03;
 b1024_keyq(16) = 2.178499e+03;
 b1024_csearch(16) = 2.248396e+03;

 b512_h2d(17) = 7.136000;
 b512_d2h(17) = 9.375000;
 b512_synd(17) = 2.688936e+03;
 b512_keyq(17) = 2.753155e+03;
 b512_csearch(17) = 2.319973e+03;

 b1024_h2d(17) = 7.136000;
 b1024_d2h(17) = 9.739000;
 b1024_synd(17) = 2.690024e+03;
 b1024_keyq(17) = 2.758203e+03;
 b1024_csearch(17) = 2.318720e+03;

 b512_h2d(18) = 7.292000;
 b512_d2h(18) = 9.687000;
 b512_synd(18) = 2.750611e+03;
 b512_keyq(18) = 2.606025e+03;
 b512_csearch(18) = 2.476702e+03;

 b1024_h2d(18) = 7.083000;
 b1024_d2h(18) = 9.427000;
 b1024_synd(18) = 2.741218e+03;
 b1024_keyq(18) = 2.601530e+03;
 b1024_csearch(18) = 2.481374e+03;

 b512_h2d(19) = 7.083000;
 b512_d2h(19) = 9.376000;
 b512_synd(19) = 2.846647e+03;
 b512_keyq(19) = 3.423270e+03;
 b512_csearch(19) = 2.739251e+03;

 b1024_h2d(19) = 7.135000;
 b1024_d2h(19) = 9.427000;
 b1024_synd(19) = 2.845036e+03;
 b1024_keyq(19) = 3.398376e+03;
 b1024_csearch(19) = 2.738213e+03;

 b512_h2d(20) = 7.031000;
 b512_d2h(20) = 9.636000;
 b512_synd(20) = 2.937185e+03;
 b512_keyq(20) = 3.342347e+03;
 b512_csearch(20) = 2.772285e+03;

 b1024_h2d(20) = 7.083000;
 b1024_d2h(20) = 9.427000;
 b1024_synd(20) = 2.933978e+03;
 b1024_keyq(20) = 3.315699e+03;
 b1024_csearch(20) = 2.771892e+03;

 b512_h2d(1) = 7.032000;
 b512_d2h(1) = 8.073000;
 b512_synd(1) = 248.022000;
 b512_keyq(1) = 17.449000;
 b512_csearch(1) = 296.876000;

 b1024_h2d(1) = 7.084000;
 b1024_d2h(1) = 8.021000;
 b1024_synd(1) = 248.543000;
 b1024_keyq(1) = 16.770000;
 b1024_csearch(1) = 296.564000;

 b512_h2d(2) = 7.084000;
 b512_d2h(2) = 8.178000;
 b512_synd(2) = 424.900000;
 b512_keyq(2) = 25.522000;
 b512_csearch(2) = 376.773000;

 b1024_h2d(2) = 7.031000;
 b1024_d2h(2) = 8.281000;
 b1024_synd(2) = 423.440000;
 b1024_keyq(2) = 24.739000;
 b1024_csearch(2) = 376.357000;

 b512_h2d(3) = 7.031000;
 b512_d2h(3) = 8.229000;
 b512_synd(3) = 622.346000;
 b512_keyq(3) = 48.906000;
 b512_csearch(3) = 451.772000;

 b1024_h2d(3) = 7.031000;
 b1024_d2h(3) = 8.282000;
 b1024_synd(3) = 616.615000;
 b1024_keyq(3) = 55.417000;
 b1024_csearch(3) = 456.772000;

 b512_h2d(4) = 7.032000;
 b512_d2h(4) = 8.384000;
 b512_synd(4) = 708.182000;
 b512_keyq(4) = 82.866000;
 b512_csearch(4) = 562.400000;

 b1024_h2d(4) = 7.083000;
 b1024_d2h(4) = 8.334000;
 b1024_synd(4) = 699.275000;
 b1024_keyq(4) = 89.167000;
 b1024_csearch(4) = 558.231000;

 b512_h2d(5) = 7.032000;
 b512_d2h(5) = 8.490000;
 b512_synd(5) = 792.561000;
 b512_keyq(5) = 179.533000;
 b512_csearch(5) = 656.257000;

 b1024_h2d(5) = 7.084000;
 b1024_d2h(5) = 8.439000;
 b1024_synd(5) = 800.992000;
 b1024_keyq(5) = 177.969000;
 b1024_csearch(5) = 656.928000;

 b512_h2d(6) = 7.083000;
 b512_d2h(6) = 8.542000;
 b512_synd(6) = 998.075000;
 b512_keyq(6) = 248.230000;
 b512_csearch(6) = 805.107000;

 b1024_h2d(6) = 7.083000;
 b1024_d2h(6) = 8.438000;
 b1024_synd(6) = 998.386000;
 b1024_keyq(6) = 246.667000;
 b1024_csearch(6) = 805.054000;

 b512_h2d(7) = 7.084000;
 b512_d2h(7) = 8.594000;
 b512_synd(7) = 988.026000;
 b512_keyq(7) = 341.616000;
 b512_csearch(7) = 993.078000;

 b1024_h2d(7) = 7.083000;
 b1024_d2h(7) = 8.594000;
 b1024_synd(7) = 985.786000;
 b1024_keyq(7) = 343.439000;
 b1024_csearch(7) = 993.287000;

 b512_h2d(8) = 7.031000;
 b512_d2h(8) = 8.646000;
 b512_synd(8) = 1.093598e+03;
 b512_keyq(8) = 457.241000;
 b512_csearch(8) = 1.127556e+03;

 b1024_h2d(8) = 7.135000;
